round 10: [217, 236, 69, 104, 154, 11, 44, 227, 134, 45, 11, 222, 198, 4, 9, 186]
round 9: [74, 155, 6, 97, 67, 231, 105, 139, 28, 38, 39, 61, 64, 41, 2, 100]
round 8: [39, 164, 205, 43, 9, 124, 111, 234, 95, 193, 78, 182, 92, 15, 37, 89]
round 7: [44, 219, 18, 80, 46, 216, 162, 193, 86, 189, 33, 92, 3, 206, 107, 239]
round 6: [227, 13, 127, 172, 2, 3, 176, 145, 120, 101, 131, 157, 85, 115, 74, 179]
round 5: [132, 208, 78, 116, 225, 14, 207, 61, 122, 102, 51, 12, 45, 22, 201, 46]
round 4: [197, 253, 221, 47, 101, 222, 129, 73, 155, 104, 252, 49, 87, 112, 250, 34]
round 3: [96, 146, 160, 100, 160, 35, 92, 102, 254, 182, 125, 120, 204, 24, 6, 19]
round 2: [128, 179, 223, 71, 192, 177, 252, 2, 94, 149, 33, 30, 50, 174, 123, 107]
round 1: [96, 13, 66, 23, 64, 2, 35, 69, 158, 36, 221, 28, 108, 59, 90, 117]
round 0: [161, 26, 187, 158, 32, 15, 97, 82, 222, 38, 254, 89, 242, 31, 135, 105]